000007 007364
000010 000024
000013 000062
000014 012070
000017 002040
000062 505107
000063 505113
000064 024010
000065 045011
000066 030011
000067 100007
000070 052012
000071 770000
000072 042052
000073 210003
000074 770000
000075 042025
000076 524314
000077 024010
000100 045011
000101 030011
000102 100007
000103 052012
000104 020011
000105 100014
000106 040015
000107 035025
000110 112052
000111 055015
000112 210016
000113 024010
000114 037024
000115 055016
000116 020017
000117 044015
000120 505115
000121 045011
000122 020011
000123 100014
000124 040015
000125 030016
000126 112055
000127 244011
000130 164014
000131 035055
000132 055016
000133 040020
000134 210001
000135 020020
000136 100014
000137 100007
000140 040021
000141 021011
000142 770001
000143 000000